3000000
3100000
3110000
3111000
3111100
3111900
3114000
3114100
3114200
3115100
3115110
3116000
3116100
3117000
3117120
3117200
3120000
3121000
3121100
3121200
3121210
3131100
3140000
3142000
3142100
3142300
3142400
3142500
3144000
3200000
3210000
3211000
3211100
3211120
3211200
3211300
3211400
3211600
3211900
3212000
3212100
3212211
3212213
3220000
3221000
3221100
3221110
3221111
3221120
3221200
3221210
3221211
3221320
3221410
3222000
3222100
3222110
3222117
3222200
3222250
3222300
3222310
3222313
3222321
3222331
3222332
3222333
3300000
3310000
3311000
3311220
3311400
3311600
3311700
3312100
3312200
3312300
3320000
3321000
3321100
3322300
3323000
3324000
3325000
3325100
3330000
3333000
3340000
3341000
3400000
3410000
3411000
3412000
3413000
3414000
3415000
3416000
3417000
3417100
3418100
3419000
3419100
3419200
3431000
3440000
3441000
3450000
3451000
3451100
3451200
3451300
3452000
3460000
9000000
9100000
9110000
9111000
9111100
9111200
9111210
9111220
9111300
9111400
9112100
9112200
9113000
9120000
9121000
9121200
9122000
9122100
9122110
9122200
9122210
9123000
9130000
9131000
9131100
9132000
9132100
9132200
9132300
9133000
9134000
9134100
9134200
9134210
9134220
9134230
9134232
9135000
9135100
9135110
9200000
9210000
9211000
9211100
9211200
9211300
9211400
9211500
9211600
9211610
9211640
9211800
9211820
9211900
9220000
9221100
9222000
9230000
9240000
9241000
9242000
9300000
9310000
9320000
9321000
9322000
9323000
9324000
9330000
9331000
9331100
9331200
9332000
9340000
9341000
9342000
9343000
9344000
14000000
14200000
14210000
14211000
14211100
14212000
14212100
14212110
14212120
14212200
14212210
14212300
14212310
14212330
14212400
14212410
14212430
14213000
14213100
14213200
14213300
14221000
14300000
14310000
14311000
14311100
14311300
14320000
14400000
14410000
14420000
14430000
14450000
14500000
14520000
14521000
14521210
14522200
14523000
14523100
14523200
14523300
14600000
14610000
14611000
14614000
14620000
14621000
14621110
14621120
14622000
14630000
14700000
14710000
14711000
14711100
14712000
14713000
14715000
14720000
14721000
14722000
14724000
14735000
14741000
14755000
14774000
14790000
14791000
14800000
14810000
14811000
14811300
14814000
14820000
14830000
14900000
14910000
14920000
14930000
15000000
15100000
15110000
15111000
15111100
15111200
15112000
15112100
15112120
15112130
15112300
15112310
15113000
15115100
15118100
15119000
15119300
15119600
15130000
15131000
15131100
15131120
15131130
15131134
15131135
15131200
15131220
15131230
15131310
15131400
15131500
15131700
15200000
15210000
15211000
15211100
15220000
15221000
15229000
15232000
15235000
15240000
15241000
15241200
15242000
15250000
15300000
15310000
15311000
15311100
15311200
15312000
15312100
15312200
15313000
15320000
15321000
15321300
15321600
15330000
15331000
15331100
15331134
15331142
15331170
15331400
15331411
15331420
15331423
15331460
15331480
15332100
15332200
15332230
15332250
15332270
15332290
15332296
15332400
15332410
15333000
15400000
15411100
15411110
15411200
15412000
15412100
15412200
15413100
15420000
15421000
15430000
15431100
15500000
15510000
15511000
15511100
15511200
15511210
15511400
15511500
15511700
15512000
15530000
15540000
15541000
15542000
15542300
15543300
15544000
15545000
15550000
15551000
15551300
15551310
15555000
15555100
15600000
15610000
15611000
15612000
15612100
15612110
15612120
15612210
15612400
15612500
15613000
15613300
15613313
15614000
15614100
15614200
15615000
15622100
15622110
15700000
15710000
15711000
15712000
15713000
15800000
15810000
15811000
15811100
15811200
15811300
15811400
15811500
15811510
15811511
15812000
15812100
15812200
15813000
15820000
15821000
15821150
15821200
15830000
15831000
15831200
15831600
15833100
15833110
15840000
15842000
15842100
15842210
15842220
15842300
15850000
15851000
15851100
15851210
15851230
15860000
15861000
15861100
15863200
15864100
15865000
15870000
15871200
15871250
15871260
15871270
15871274
15872000
15872200
15872400
15880000
15881000
15882000
15884000
15890000
15891000
15891400
15891410
15891600
15891900
15893000
15893100
15894000
15894200
15894210
15894220
15894300
15894400
15894500
15894600
15894700
15895000
15896000
15897000
15897100
15897200
15897300
15898000
15900000
15910000
15911000
15911100
15930000
15931200
15960000
15961000
15980000
15981000
15981100
15981200
15981310
15981320
15982000
15982100
15990000
15991300
15992100
15994200
16000000
16100000
16110000
16120000
16130000
16140000
16141000
16150000
16160000
16300000
16310000
16311000
16311100
16320000
16330000
16331000
16340000
16400000
16500000
16600000
16610000
16612000
16612200
16620000
16630000
16650000
16700000
16710000
16720000
16730000
16800000
16810000
16820000
18000000
18100000
18110000
18113000
18114000
18130000
18132000
18132100
18132200
18140000
18141000
18142000
18143000
18200000
18210000
18211000
18212000
18213000
18220000
18221000
18221200
18221300
18222000
18222100
18223000
18223200
18224000
18230000
18231000
18233000
18234000
18235000
18235100
18235200
18235300
18235400
18300000
18310000
18311000
18312000
18315000
18317000
18318000
18318100
18318200
18318300
18318400
18321000
18330000
18331000
18332000
18333000
18400000
18410000
18411000
18412000
18412100
18412800
18420000
18422000
18423000
18424000
18424300
18424400
18424500
18425000
18425100
18440000
18441000
18443000
18443300
18443310
18443320
18443340
18443500
18444000
18444100
18444110
18444111
18444112
18444200
18451000
18452000
18500000
18510000
18512000
18512100
18512200
18513000
18513100
18513200
18513300
18513500
18520000
18522000
18530000
18800000
18810000
18811000
18812000
18812100
18812200
18812300
18813000
18813100
18813200
18813300
18814000
18815000
18815100
18815200
18820000
18821000
18822000
18823000
18830000
18831000
18832000
18832100
18840000
18841000
18842000
18900000
18910000
18920000
18921000
18923100
18923200
18925000
18925100
18925200
18929000
18930000
18931000
18931100
18933000
18933100
18934000
18935000
18936000
18937000
18937100
18939000
19000000
19100000
19140000
19200000
19210000
19211000
19211100
19212000
19212100
19212300
19212310
19212500
19212510
19220000
19230000
19231000
19240000
19241000
19243000
19244000
19260000
19270000
19280000
19282000
19400000
19410000
19430000
19433000
19500000
19510000
19511000
19511200
19511300
19512000
19513100
19513200
19514000
19520000
19521000
19522000
19600000
19620000
19640000
19700000
19710000
19720000
19721000
19724000
19730000
19732000
22000000
22100000
22110000
22111000
22112000
22113000
22114000
22114100
22114200
22114300
22114310
22114311
22114400
22120000
22121000
22130000
22140000
22150000
22160000
22200000
22210000
22211000
22211100
22212000
22212100
22213000
22300000
22310000
22312000
22314000
22315000
22320000
22400000
22410000
22412000
22420000
22430000
22440000
22450000
22451000
22452000
22453000
22454000
22455000
22455100
22456000
22457000
22458000
22459000
22459100
22460000
22461000
22462000
22470000
22471000
22472000
22473000
22500000
22510000
22520000
22521000
22600000
22610000
22611000
22800000
22810000
22813000
22814000
22815000
22816000
22816100
22816300
22817000
22820000
22821000
22822000
22822100
22822200
22830000
22832000
22840000
22850000
22851000
22852000
22852100
22900000
22990000
22991000
22992000
22993000
22993100
22993200
22993300
22993400
24000000
24100000
24110000
24111000
24111100
24111200
24111300
24111500
24111600
24111700
24111800
24111900
24112100
24112200
24113000
24113100
24113200
24200000
24210000
24211100
24211300
24213000
24221000
24224000
24225000
24300000
24310000
24311000
24311130
24311160
24311310
24311410
24311411
24311420
24311450
24311460
24311470
24311500
24311511
24311520
24311521
24311522
24311800
24311900
24312000
24312100
24312120
24312122
24312123
24312200
24312210
24312220
24313000
24313100
24313111
24313120
24313122
24313123
24313124
24313125
24313126
24313200
24313220
24313300
24313310
24313320
24313400
24314000
24314100
24315000
24315100
24315610
24316000
24320000
24321000
24321111
24321115
24322000
24322210
24322220
24322310
24322320
24322400
24322500
24322510
24323210
24323220
24323320
24324000
24324100
24324200
24325000
24326310
24327000
24327300
24327330
24327400
24327500
24400000
24410000
24411000
24411100
24412000
24413000
24413100
24421000
24422000
24440000
24450000
24451000
24452000
24453000
24454000
24455000
24456000
24457000
24500000
24510000
24520000
24530000
24540000
24542000
24550000
24560000
24570000
24580000
24590000
24600000
24610000
24611000
24611100
24612000
24612100
24612200
24613000
24613200
24615000
24900000
24910000
24911000
24911200
24930000
24931000
24931210
24931250
24931260
24950000
24951000
24951100
24951110
24951130
24951200
24951210
24951220
24951230
24951300
24951310
24951311
24951400
24952000
24954000
24954100
24954200
24955000
24956000
24957000
24957200
24958000
24958100
24958200
24958300
24959000
24959100
24960000
24962000
24963000
24964000
24965000
30000000
30100000
30111000
30120000
30121000
30121100
30121200
30121300
30121400
30121410
30121420
30121430
30122000
30122100
30122200
30123000
30123100
30123200
30123400
30123600
30123610
30123630
30124000
30124100
30124150
30124200
30124300
30124510
30125000
30125100
30125110
30125120
30130000
30131000
30131100
30131200
30131300
30131400
30131500
30132000
30132100
30132200
30132300
30133000
30133100
30140000
30141100
30141300
30142000
30142200
30144100
30144200
30144300
30144400
30145000
30145100
30151000
30152000
30160000
30161000
30162000
30163000
30163100
30171000
30172000
30174000
30176000
30177000
30178000
30190000
30191000
30191100
30191140
30191200
30191400
30192000
30192100
30192110
30192111
30192112
30192113
30192121
30192122
30192123
30192124
30192125
30192130
30192150
30192151
30192160
30192170
30192300
30192320
30192330
30192340
30192400
30192700
30192800
30192930
30193000
30193500
30193700
30194000
30194200
30194900
30195000
30195200
30195300
30195400
30195600
30195700
30195800
30195900
30195910
30195911
30195920
30196000
30196100
30197000
30197100
30197210
30197220
30197300
30197510
30197600
30197610
30197620
30197630
30197640
30197641
30197642
30197643
30197644
30197645
30198000
30198100
30199000
30199100
30199120
30199200
30199210
30199230
30199300
30199330
30199340
30199400
30199500
30199700
30199710
30199711
30199712
30199720
30199730
30199731
30199750
30199760
30199761
30199763
30199770
30199790
30199791
30199792
30199793
30200000
30210000
30211000
30211100
30211200
30211300
30211400
30211500
30212000
30212100
30213000
30213100
30213200
30213300
30213400
30213500
30214000
30215000
30215100
30216000
30216100
30216110
30216120
30216130
30216200
30216300
30220000
30221000
30230000
30231000
30231100
30231200
30231300
30231310
30231320
30232000
30232100
30232110
30232120
30232130
30232140
30232150
30232600
30232700
30233000
30233100
30233120
30233130
30233131
30233132
30233140
30233141
30233150
30233153
30233160
30233161
30233180
30233190
30233300
30233310
30234000
30234100
30234200
30234300
30234400
30234500
30234600
30234700
30236000
30236100
30236110
30236200
30237000
30237100
30237110
30237120
30237130
30237131
30237132
30237134
30237135
30237136
30237200
30237210
30237230
30237240
30237250
30237251
30237252
30237280
30237300
30237310
30237320
30237350
30237360
30237380
30237400
30237410
30237430
30237450
30237460
30237470
30237475
30237480
30238000
31000000
31100000
31110000
31120000
31121000
31121100
31121110
31121111
31121200
31121300
31121310
31121320
31121330
31121331
31121340
31122000
31122100
31124000
31124100
31126000
31127000
31128000
31130000
31131100
31131200
31132000
31140000
31141000
31151000
31153000
31154000
31155000
31156000
31157000
31158000
31158100
31158200
31158300
31160000
31161000
31161100
31161200
31161300
31161600
31161700
31161800
31161900
31162000
31162100
31170000
31171000
31172000
31173000
31174000
31200000
31210000
31211000
31211100
31211110
31211200
31211300
31211310
31211330
31211340
31212000
31212100
31213000
31213100
31213200
31213300
31213400
31214000
31214100
31214110
31214120
31214130
31214140
31214200
31214300
31214400
31214500
31214510
31214520
31215000
31216000
31216100
31216200
31217000
31218000
31219000
31220000
31221000
31221200
31221400
31221600
31221700
31223000
31224000
31224100
31224200
31224300
31224400
31224500
31224600
31224700
31224800
31230000
31300000
31310000
31311000
31320000
31321000
31321100
31321200
31321210
31321220
31321300
31321400
31321500
31321600
31321700
31330000
31340000
31341000
31342000
31343000
31344000
31350000
31351000
31400000
31410000
31411000
31420000
31421000
31422000
31430000
31431000
31432000
31434000
31440000
31500000
31510000
31511000
31512000
31514000
31515000
31516000
31518000
31518100
31518200
31518300
31518600
31519000
31520000
31521000
31521100
31521200
31521300
31521320
31521330
31522000
31523000
31523200
31524000
31524100
31524110
31524120
31524200
31524210
31527000
31527200
31527210
31527260
31527270
31530000
31531000
31531100
31532000
31532100
31532110
31532500
31532900
31532920
31600000
31610000
31611000
31612000
31612200
31612300
31620000
31625000
31625100
31625200
31625300
31630000
31640000
31642000
31642100
31642200
31642400
31643000
31643100
31644000
31650000
31651000
31670000
31680000
31681000
31681100
31681200
31681300
31681400
31681410
31681500
31682000
31682100
31682200
31682210
31682220
31682230
31682300
31682400
31682410
31682500
31682510
31682520
31682530
31682540
31700000
31710000
31711000
31711100
31711110
31711120
31711130
31711131
31711140
31711150
31711154
31711200
31711300
31711310
31711400
31711420
31711421
31711422
31711423
31711424
31711430
31711440
31711500
31711520
31712000
31712100
31712110
31712111
31712112
31712113
31712114
31712116
31712117
31712118
31712200
31712300
31712310
31712330
31712331
31712332
31712336
31712340
31712341
31712346
31712348
31712350
31720000
31730000
31731000
31731100
32000000
32200000
32210000
32211000
32220000
32222000
32223000
32224000
32230000
32231000
32232000
32233000
32234000
32235000
32236000
32237000
32240000
32250000
32252000
32252110
32260000
32270000
32300000
32320000
32321000
32321100
32321200
32321300
32322000
32323000
32323100
32323300
32323400
32323500
32324000
32324100
32324300
32324310
32324400
32324600
32330000
32331000
32331200
32331300
32331500
32332100
32332200
32332300
32333000
32333100
32333200
32333300
32333400
32340000
32341000
32342000
32342100
32342200
32342300
32342400
32342410
32342412
32342420
32342440
32342450
32343000
32343100
32344000
32344100
32344110
32344200
32344210
32344220
32344230
32344240
32344250
32344260
32344270
32344280
32350000
32351000
32351100
32351200
32351300
32351310
32352000
32352100
32352200
32353000
32353100
32354000
32354100
32354110
32354200
32354300
32354500
32354600
32354700
32354800
32360000
32400000
32410000
32412000
32412100
32412110
32412120
32413000
32413100
32415000
32416000
32416100
32417000
32418000
32420000
32421000
32422000
32423000
32424000
32425000
32427000
32428000
32429000
32430000
32440000
32441000
32441100
32441200
32441300
32442000
32442100
32442400
32500000
32510000
32520000
32521000
32522000
32523000
32524000
32530000
32531000
32532000
32533000
32534000
32540000
32541000
32542000
32543000
32544000
32545000
32546000
32550000
32551100
32551200
32551300
32551400
32551500
32552000
32552100
32552110
32552120
32552130
32552160
32552300
32552310
32552320
32552330
32552400
32552410
32552420
32552430
32552510
32552520
32552600
32553000
32560000
32561000
32562000
32562100
32562200
32562300
32570000
32571000
32572000
32572100
32572300
32573000
32580000
32581000
32581100
32581130
32581200
32582000
32583000
32584000
33000000
33100000
33110000
33111000
33111100
33111200
33111300
33111400
33111500
33111600
33111610
33111620
33111640
33111650
33111660
33111700
33111710
33111720
33111721
33111730
33111740
33111800
33112000
33112100
33112200
33112300
33112310
33112320
33112340
33113000
33113100
33113110
33114000
33115000
33115100
33115200
33120000
33121000
33121100
33121200
33121300
33121400
33121500
33122000
33123000
33123100
33123200
33123210
33123220
33123230
33124000
33124100
33124110
33124120
33124130
33124131
33124200
33124210
33125000
33126000
33127000
33128000
33130000
33131000
33131100
33131110
33131300
33131600
33132000
33133000
33134000
33135000
33136000
33138000
33138100
33140000
33141000
33141100
33141110
33141111
33141112
33141113
33141114
33141115
33141116
33141117
33141118
33141119
33141120
33141121
33141122
33141123
33141124
33141125
33141126
33141127
33141128
33141200
33141210
33141220
33141230
33141240
33141300
33141310
33141320
33141321
33141322
33141323
33141324
33141326
33141328
33141400
33141410
33141411
33141420
33141500
33141510
33141520
33141530
33141540
33141550
33141560
33141570
33141580
33141600
33141610
33141613
33141614
33141615
33141620
33141621
33141622
33141623
33141624
33141625
33141626
33141630
33141640
33141641
33141642
33141700
33141710
33141720
33141730
33141740
33141750
33141760
33141770
33141800
33141810
33141820
33141822
33141850
33141900
33150000
33151000
33151100
33151200
33151300
33151400
33152000
33153000
33154000
33155000
33156000
33157000
33157100
33157110
33157200
33157400
33157500
33157700
33157800
33157810
33158000
33158100
33158200
33158210
33158400
33158500
33159000
33160000
33161000
33162000
33162100
33162200
33163000
33164000
33164100
33165000
33166000
33167000
33168000
33168100
33169000
33169100
33169300
33169400
33169500
33170000
33171000
33171100
33171110
33171200
33171210
33171300
33172000
33172100
33172200
33180000
33181000
33181100
33181200
33181300
33181400
33181500
33181510
33181520
33182000
33182100
33182200
33182210
33182220
33182230
33182240
33182300
33182400
33183000
33183100
33183200
33183300
33184000
33184100
33184200
33184300
33184400
33184410
33184500
33184600
33185000
33185100
33185200
33185300
33186000
33186100
33186200
33190000
33191000
33191100
33191110
33192000
33192100
33192110
33192120
33192130
33192150
33192160
33192200
33192210
33192230
33192300
33192310
33192320
33192330
33192340
33192350
33192400
33192410
33192500
33192600
33193000
33193100
33193110
33193120
33193121
33193200
33193210
33193213
33193220
33193221
33193223
33193224
33193225
33194000
33194100
33194110
33194120
33194200
33194210
33194220
33195000
33195100
33195110
33195200
33196000
33196100
33196200
33197000
33198000
33198200
33199000
33600000
33610000
33611000
33612000
33613000
33614000
33615000
33615100
33616000
33617000
33620000
33621000
33621100
33621200
33621300
33621400
33622000
33622100
33622200
33622300
33622400
33622600
33622800
33630000
33631000
33631100
33631300
33631400
33631600
33632000
33632100
33632200
33640000
33641000
33641200
33641300
33641400
33642000
33642100
33642200
33642300
33650000
33651000
33651100
33651200
33651300
33651400
33651500
33651510
33651520
33651600
33651610
33651620
33651630
33651640
33651650
33651660
33651670
33651680
33651690
33652000
33652100
33652200
33652300
33660000
33661000
33661100
33661200
33661300
33661400
33661500
33661600
33661700
33662000
33662100
33670000
33673000
33674000
33675000
33680000
33681000
33682000
33683000
33690000
33691000
33692000
33692100
33692200
33692210
33692300
33692400
33692500
33692510
33692600
33692700
33692800
33693000
33693100
33693200
33693300
33694000
33695000
33696000
33696100
33696200
33696300
33696400
33696500
33696600
33696700
33696800
33697000
33697100
33697110
33698000
33698100
33700000
33710000
33711000
33711110
33711430
33711500
33711540
33711600
33711630
33711640
33711700
33711710
33711770
33711790
33711900
33712000
33713000
33721000
33721100
33721200
33730000
33731000
33731100
33731110
33734000
33734100
33735000
33735100
33740000
33741100
33741200
33741300
33750000
33751000
33760000
33761000
33762000
33763000
33764000
33770000
33771000
33771100
33771200
33772000
33790000
33792000
33793000
33900000
33910000
33917000
33918000
33920000
33922000
33924000
33926000
33930000
33931000
33933100
33940000
33942000
33944000
33945000
33950000
33952000
33954000
33963000
33970000
33973000
34000000
34100000
34110000
34111000
34111100
34111200
34113000
34113100
34113200
34113300
34114000
34114100
34114110
34114120
34114121
34114122
34114200
34114210
34114300
34114400
34115000
34115200
34115300
34120000
34121000
34121100
34121200
34121300
34121400
34121500
34130000
34131000
34132000
34133000
34133100
34133110
34134000
34134100
34134200
34136000
34136100
34136200
34137000
34138000
34139000
34139100
34139200
34139300
34140000
34142000
34142100
34142200
34142300
34143000
34144000
34144100
34144200
34144210
34144211
34144212
34144213
34144220
34144300
34144400
34144410
34144420
34144430
34144431
34144440
34144450
34144500
34144510
34144511
34144512
34144520
34144700
34144710
34144730
34144740
34144750
34144751
34144760
34144800
34144900
34144910
34150000
34151000
34152000
34200000
34210000
34211000
34211100
34211200
34211300
34220000
34221000
34221100
34221200
34221300
34223000
34223100
34223200
34223300
34223310
34223330
34223340
34223350
34223360
34223370
34224000
34224100
34224200
34300000
34310000
34311000
34311100
34311110
34311120
34312000
34312200
34312300
34312500
34312600
34312700
34320000
34321000
34321100
34321200
34322000
34322100
34322200
34322300
34322400
34322500
34324000
34324100
34325000
34325200
34326000
34326100
34326200
34327000
34328000
34328100
34328200
34328300
34330000
34350000
34351000
34351100
34352000
34352100
34352200
34352300
34360000
34370000
34390000
34400000
34410000
34411000
34411200
34420000
34421000
34422000
34430000
34431000
34432000
34500000
34510000
34511100
34512000
34512100
34512200
34512400
34512500
34512600
34512700
34512800
34513000
34513200
34513250
34513300
34513450
34513550
34513600
34513650
34513700
34514000
34514600
34514700
34514800
34515000
34515100
34515200
34516000
34520000
34521000
34521100
34521200
34521300
34521400
34522000
34522100
34522150
34522200
34522300
34522400
34522450
34522500
34522550
34522600
34522700
34600000
34610000
34611000
34612200
34620000
34621000
34621100
34621200
34622000
34622100
34622200
34622300
34622400
34622500
34630000
34631000
34631100
34631200
34631300
34631400
34632000
34632100
34632200
34632300
34640000
34700000
34710000
34711000
34711100
34711110
34711200
34711300
34711400
34711500
34712000
34712200
34720000
34721000
34722000
34722100
34730000
34731000
34731100
34731200
34731500
34731600
34731700
34731800
34740000
34741000
34741100
34741200
34741400
34741500
34900000
34910000
34911000
34911100
34912000
34912100
34913000
34913200
34913300
34913700
34913800
34920000
34921000
34921100
34921200
34922000
34922100
34923000
34924000
34926000
34927000
34927100
34928000
34928100
34928110
34928120
34928200
34928210
34928220
34928230
34928300
34928310
34928320
34928330
34928340
34928400
34928410
34928430
34928440
34928450
34928470
34928471
34928472
34928480
34928500
34928510
34928520
34928530
34929000
34930000
34931000
34931100
34931200
34931400
34931500
34932000
34933000
34934000
34940000
34941000
34941200
34941300
34941500
34941600
34941800
34942000
34942200
34943000
34944000
34945000
34946000
34946100
34946110
34946120
34946121
34946200
34946210
34946220
34946221
34946222
34946224
34946230
34946240
34947000
34947100
34947200
34950000
34951000
34951200
34951300
34952000
34953000
34953100
34953300
34954000
34955000
34955100
34960000
34961000
34961100
34962000
34962100
34962200
34962210
34962220
34962230
34963000
34964000
34965000
34966100
34967000
34968000
34968100
34968200
34969100
34969200
34970000
34971000
34972000
34980000
34990000
34991000
34992000
34992100
34992200
34992300
34993000
34993100
34994000
34995000
34996000
34996100
34996200
34996300
34997000
34997200
34997210
34998000
34999100
34999200
34999300
34999400
34999410
34999420
35000000
35100000
35110000
35111000
35111100
35111200
35111300
35111320
35111400
35111500
35111510
35111520
35112000
35112100
35113000
35113100
35113200
35113210
35113300
35113400
35113410
35113420
35113430
35113440
35113450
35113460
35113470
35113490
35120000
35121000
35121300
35121400
35121500
35121600
35121700
35121900
35123000
35123100
35123400
35123500
35124000
35125000
35125100
35125110
35125200
35125300
35126000
35200000
35210000
35220000
35230000
35260000
35261000
35261100
35262000
35300000
35310000
35311000
35311100
35311400
35320000
35321000
35321100
35321200
35321300
35322000
35322100
35322200
35322400
35322500
35330000
35331000
35331100
35331200
35331300
35331400
35331500
35332000
35332100
35332200
35333000
35333100
35333200
35340000
35341000
35342000
35343000
35400000
35410000
35411000
35411100
35411200
35412000
35412100
35412200
35412300
35412400
35412500
35420000
35421000
35421100
35422000
35500000
35510000
35511000
35511100
35511200
35511300
35511400
35512000
35512400
35513000
35513100
35520000
35521000
35521100
35522000
35600000
35610000
35611100
35611400
35611500
35612100
35612200
35612300
35612400
35612500
35613000
35620000
35622300
35622600
35622700
35631000
35631100
35631200
35631300
35640000
35641000
35641100
35642000
35700000
35710000
35711000
35712000
35720000
35721000
35722000
35723000
35730000
35740000
35800000
35810000
35811100
35811200
35811300
35812000
35812200
35812300
35813000
35814000
35815000
35815100
35820000
35821000
37000000
37300000
37310000
37311000
37311100
37311200
37311300
37312100
37313000
37313100
37313500
37314000
37315000
37315100
37316000
37316100
37316200
37321000
37321600
37400000
37410000
37411000
37411100
37411120
37411130
37411200
37411230
37411300
37412000
37412200
37412220
37412230
37412240
37412241
37412242
37412243
37412260
37412270
37412300
37413100
37413200
37413230
37413240
37414000
37414100
37414600
37414800
37415000
37416000
37420000
37421000
37422000
37422200
37432000
37440000
37441000
37441100
37441300
37441400
37441600
37441900
37442000
37442100
37442300
37442310
37442500
37442900
37450000
37451000
37451700
37451710
37453000
37453300
37453500
37453700
37462000
37472000
37480000
37481000
37482000
37500000
37510000
37512000
37520000
37523000
37524000
37524100
37524300
37524600
37524700
37527100
37527200
37528000
37530000
37531000
37535000
37535200
37535210
37535220
37535230
37535240
37535270
37535280
37535290
37535291
37535292
37540000
37800000
37810000
37820000
37821000
37822100
37822300
37823200
37823300
37823500
37823600
37823700
37823800
37823900
38000000
38100000
38110000
38111000
38111100
38112100
38113000
38114000
38115000
38115100
38120000
38121000
38122000
38123000
38124000
38125000
38126000
38126100
38126200
38126300
38126400
38127000
38128000
38200000
38220000
38221000
38230000
38240000
38260000
38280000
38290000
38291000
38292000
38293000
38294000
38295000
38296000
38300000
38310000
38311000
38311100
38311200
38311210
38330000
38340000
38341000
38341100
38341200
38341300
38341400
38341500
38341600
38342000
38342100
38343000
38344000
38400000
38410000
38411000
38412000
38413000
38414000
38415000
38416000
38418000
38420000
38421000
38421100
38421110
38422000
38423000
38423100
38424000
38425000
38425100
38425200
38425400
38425500
38425600
38425700
38425800
38427000
38428000
38430000
38431000
38431100
38431200
38431300
38432000
38432100
38432200
38432210
38432300
38433000
38433100
38433200
38433210
38433300
38434000
38434100
38434200
38434210
38434300
38434400
38434500
38434510
38434520
38434530
38434540
38434550
38434560
38434570
38434580
38435000
38436000
38436100
38436200
38436300
38436310
38436320
38436400
38436500
38436600
38436700
38437000
38437100
38437110
38500000
38510000
38511000
38511100
38511200
38512000
38512100
38512200
38513100
38513200
38514000
38514200
38515000
38515100
38515200
38516000
38517000
38518000
38518100
38518200
38519000
38519200
38519300
38519310
38519400
38519600
38519610
38519640
38519650
38519660
38520000
38522000
38527200
38527300
38527400
38530000
38540000
38541000
38542000
38543000
38544000
38545000
38546000
38546100
38547000
38548000
38550000
38551000
38552000
38553000
38554000
38560000
38570000
38580000
38581000
38582000
38600000
38621000
38622000
38623000
38624000
38630000
38631000
38632000
38633000
38634000
38635000
38636000
38636100
38636110
38640000
38641000
38650000
38651000
38651100
38651200
38651500
38651600
38652000
38652100
38652120
38652300
38653000
38653300
38653400
38654110
38700000
38710000
38720000
38730000
38731000
38800000
38810000
38820000
38821000
38900000
38910000
38912000
38921000
38930000
38931000
38932000
38940000
38942000
38943000
38944000
38945000
38947000
38950000
38951000
38960000
38970000
39000000
39100000
39110000
39111000
39111100
39111200
39111300
39112000
39112100
39113000
39113100
39113200
39113300
39113500
39113600
39114100
39120000
39121000
39121100
39121200
39122000
39122100
39122200
39130000
39131000
39131100
39132000
39132100
39132200
39132300
39132500
39133000
39134000
39134100
39135100
39136000
39140000
39141000
39141100
39141200
39141300
39141400
39141500
39142000
39143000
39143100
39143110
39143112
39143113
39143114
39143115
39143120
39143121
39143123
39143200
39143210
39143300
39143310
39144000
39145000
39150000
39151000
39151100
39151200
39151300
39152000
39153000
39153100
39154000
39154100
39155000
39155100
39156000
39157000
39160000
39161000
39162000
39162100
39162110
39162200
39170000
39171000
39172000
39172100
39173000
39174000
39180000
39181000
39190000
39191100
39200000
39220000
39221000
39221100
39221110
39221120
39221121
39221122
39221123
39221130
39221140
39221150
39221160
39221170
39221180
39221200
39221210
39221220
39221260
39222000
39222100
39222110
39222200
39223000
39224000
39224100
39224200
39224210
39224300
39224320
39224330
39224340
39225000
39225700
39225710
39225730
39226000
39226210
39226220
39226300
39227110
39230000
39234000
39235000
39236000
39240000
39241000
39241100
39241130
39241200
39254000
39254100
39260000
39263000
39263100
39265000
39290000
39291000
39292000
39292100
39292300
39292500
39293000
39293300
39293400
39294000
39294100
39295100
39296000
39296100
39297000
39298000
39298100
39298200
39298400
39298500
39298700
39298800
39298900
39298910
39299000
39299200
39299300
39300000
39310000
39311000
39312000
39312200
39313000
39314000
39315000
39330000
39340000
39341000
39350000
39360000
39370000
39500000
39510000
39511100
39512000
39512100
39512300
39512400
39513100
39514000
39514100
39514200
39514300
39514400
39515000
39515100
39515110
39515200
39515400
39515410
39515430
39515440
39516000
39516100
39516110
39516120
39518000
39518100
39518200
39520000
39522000
39522100
39522110
39522120
39522130
39522400
39522500
39522510
39522520
39522530
39522540
39523000
39523100
39525000
39525100
39525200
39525300
39525400
39525500
39525700
39525800
39525810
39530000
39531000
39531310
39531400
39532000
39533000
39534000
39540000
39541000
39541100
39541110
39541130
39541200
39542000
39550000
39560000
39561000
39561110
39561120
39561131
39561132
39561133
39561141
39561142
39561200
39563000
39563200
39563500
39563530
39700000
39710000
39711000
39711100
39711110
39711120
39711121
39711123
39711124
39711130
39711200
39711210
39711211
39711300
39711310
39711360
39711361
39711362
39711440
39712000
39712300
39713000
39713100
39713200
39713210
39713300
39713400
39713410
39713430
39714000
39714100
39714110
39715000
39715100
39715200
39715210
39715240
39715300
39717000
39717100
39717200
39720000
39721000
39721100
39721200
39721310
39721320
39721321
39721400
39721410
39721411
39800000
39811200
39812100
39812400
39812500
39820000
39822000
39830000
39831000
39831100
39831200
39831210
39831220
39831240
39831300
39831600
39831700
39832000
39832100
39833000
41000000
41100000
41110000
41120000
42000000
42100000
42110000
42111000
42111100
42112000
42112100
42112200
42112210
42112300
42112400
42113000
42113100
42113110
42113120
42113130
42113150
42113160
42113161
42113171
42113172
42113200
42113300
42113310
42113390
42120000
42121000
42121100
42121300
42121400
42121500
42122000
42122100
42122110
42122120
42122130
42122160
42122161
42122180
42122190
42122200
42122210
42122220
42122230
42122300
42122400
42122410
42122411
42122419
42122430
42122450
42122460
42122480
42122500
42122510
42123000
42123100
42123300
42123400
42123410
42123500
42123610
42123700
42124000
42124100
42124130
42124150
42124200
42124221
42124222
42124290
42124300
42124320
42124330
42124340
42130000
42131000
42131100
42131110
42131120
42131130
42131140
42131141
42131142
42131143
42131144
42131145
42131146
42131147
42131148
42131150
42131160
42131170
42131200
42131220
42131230
42131240
42131260
42131270
42131280
42131290
42131291
42131300
42131390
42131400
42132000
42132110
42132120
42132130
42132300
42140000
42141000
42141110
42141200
42141300
42141400
42141410
42141500
42141700
42142000
42142200
42150000
42151000
42152000
42152100
42152200
42160000
42161000
42162000
42163000
42164000
42165000
42200000
42210000
42211100
42212000
42213000
42214000
42214100
42214200
42215000
42215200
42222000
42300000
42310000
42320000
42330000
42340000
42341000
42350000
42390000
42400000
42410000
42411000
42412000
42412100
42412110
42412120
42413000
42413100
42413200
42413500
42414000
42414100
42414110
42414120
42414130
42414140
42414150
42414200
42414210
42414220
42414300
42414310
42414320
42414400
42414410
42414500
42415000
42415100
42415110
42415200
42415210
42415300
42415310
42415320
42416000
42416100
42416110
42416120
42416130
42416200
42416210
42416300
42416400
42416500
42417000
42417100
42417200
42417220
42417230
42417300
42417310
42418000
42418100
42418200
42418210
42418220
42418290
42418300
42418400
42418500
42418900
42418910
42418920
42418930
42418940
42419000
42419100
42419200
42419500
42419510
42419530
42419540
42419800
42419810
42419900
42420000
42500000
42510000
42511000
42511100
42511110
42511200
42512000
42512100
42512300
42512400
42512500
42512510
42513000
42513100
42513200
42513220
42513290
42514000
42514200
42514300
42514310
42514320
42515000
42520000
42521000
42522000
42522100
42530000
42531000
42532000
42600000
42610000
42611000
42612000
42612100
42612200
42620000
42621000
42621100
42623000
42630000
42631000
42632000
42633000
42634000
42635000
42636000
42636100
42637000
42637300
42638000
42640000
42641000
42641100
42641300
42641400
42642000
42642100
42642500
42650000
42652000
42660000
42661000
42661100
42661200
42662000
42662100
42662200
42663000
42664000
42664100
42665000
42670000
42671000
42671100
42674000
42675100
42676000
42700000
42710000
42711000
42713000
42715000
42716000
42716100
42716110
42716120
42716200
42717000
42717100
42718000
42720000
42800000
42900000
42910000
42912000
42912120
42912300
42912310
42912320
42912330
42912340
42912350
42913000
42913400
42913500
42914000
42920000
42921000
42921100
42921200
42921300
42921310
42921320
42921330
42923000
42923100
42923110
42923200
42924200
42924300
42924310
42924700
42924720
42924730
42924740
42924790
42930000
42931000
42931100
42931110
42931120
42932000
42932100
42933000
42933300
42940000
42941000
42942000
42942200
42943000
42943200
42943210
42943400
42943600
42950000
42952000
42955000
42956000
42957000
42959000
42960000
42961000
42961100
42961200
42961300
42961400
42962000
42962100
42962200
42962300
42962500
42963000
42964000
42965000
42965100
42965110
42967000
42967100
42968000
42968100
42968200
42968300
42972000
42973000
42974000
42980000
42981000
42990000
42991000
42991100
42991110
42991200
42991210
42991230
42991400
42992000
42992100
42992200
42992300
42993000
42993100
42993200
42994000
42994200
42994220
42994230
42995000
42995100
42995200
42996000
42996100
42996110
42996200
42996300
42996400
42996500
42996600
42996700
42996900
42997000
42997100
42997200
42997300
42998000
42999000
42999100
42999300
43000000
43100000
43120000
43121000
43121300
43121400
43121500
43121600
43122000
43123000
43124000
43124900
43125000
43130000
43132000
43132100
43132200
43132300
43132400
43133100
43134000
43134100
43135000
43135100
43136000
43140000
43200000
43210000
43211000
43212000
43220000
43221000
43230000
43240000
43250000
43251000
43252000
43260000
43261000
43261100
43262000
43262100
43300000
43310000
43312000
43312100
43312200
43312300
43312400
43312500
43313000
43313100
43313200
43315000
43320000
43323000
43324000
43324100
43325000
43325100
43327000
43328000
43328100
43329000
43400000
43410000
43411000
43412000
43413000
43413100
43414000
43414100
43415000
43420000
43500000
43600000
43611000
43611200
43611300
43611500
43611700
43612000
43612400
43612500
43612800
43613000
43613100
43620000
43630000
43640000
43700000
43720000
43721000
43800000
43810000
43811000
43812000
43830000
43840000
44000000
44100000
44110000
44111000
44111100
44111200
44111210
44111300
44111400
44111500
44111510
44111511
44111520
44111530
44111540
44111600
44111700
44111800
44112000
44112100
44112110
44112200
44112210
44112220
44112230
44112240
44112300
44112310
44112400
44112410
44112430
44112500
44112600
44113000
44113100
44113120
44113130
44113140
44113200
44113300
44113310
44113320
44113330
44113500
44113600
44113610
44113620
44113700
44113800
44113810
44113900
44113910
44114000
44114100
44114200
44114210
44114220
44114250
44115000
44115100
44115200
44115210
44115220
44115310
44115400
44115500
44115600
44115700
44115710
44115800
44115810
44115900
44130000
44131000
44132000
44134000
44140000
44141000
44141100
44142000
44143000
44144000
44160000
44161000
44161100
44161110
44161200
44161410
44161500
44161600
44161700
44162000
44162100
44162200
44162300
44162500
44163000
44163100
44163110
44163112
44163120
44163121
44163130
44163140
44163150
44163160
44163200
44163210
44163230
44163240
44163241
44164000
44164100
44164200
44164300
44164310
44165000
44165100
44165110
44165200
44165210
44165300
44167000
44167100
44167110
44167111
44167200
44167300
44167400
44170000
44171000
44172000
44173000
44174000
44175000
44176000
44190000
44191000
44191100
44191200
44191300
44191400
44192000
44200000
44210000
44211000
44211100
44211110
44211200
44211300
44211400
44211500
44212000
44212100
44212110
44212120
44212200
44212220
44212221
44212222
44212223
44212224
44212225
44212226
44212227
44212233
44212240
44212250
44212261
44212263
44212300
44212310
44212313
44212315
44212317
44212320
44212321
44212329
44212380
44212381
44212382
44212383
44212390
44212400
44212410
44212500
44212510
44220000
44221000
44221100
44221111
44221120
44221200
44221210
44221220
44221230
44221240
44221300
44221310
44221400
44230000
44231000
44232000
44233000
44300000
44310000
44311000
44312000
44312300
44313000
44313100
44313200
44315000
44315100
44315200
44316000
44316300
44316400
44316500
44316510
44317000
44318000
44320000
44321000
44322000
44322100
44322200
44322300
44322400
44330000
44331000
44332000
44333000
44334000
44400000
44410000
44411000
44411100
44411200
44411300
44411710
44411800
44420000
44421000
44421300
44421500
44421600
44421710
44421720
44421721
44421722
44421790
44422000
44423000
44423200
44423230
44423300
44423330
44423400
44423450
44423460
44423700
44423710
44423720
44423730
44423740
44423750
44423800
44423810
44423850
44424100
44424200
44425000
44425200
44425300
44430000
44431000
44440000
44441000
44442000
44450000
44451000
44460000
44461000
44461100
44462000
44464000
44470000
44480000
44481000
44481100
44482000
44482100
44482200
44500000
44510000
44511000
44511100
44511120
44512000
44512300
44512400
44512600
44512910
44512930
44512940
44514200
44520000
44521000
44521100
44521110
44521120
44521210
44522000
44522200
44523000
44523100
44523200
44523300
44530000
44531000
44531100
44531400
44531510
44531520
44531600
44531700
44532100
44532200
44540000
44541000
44542000
44550000
44600000
44610000
44611000
44611110
44611200
44611400
44611410
44611500
44611600
44612000
44612100
44612200
44613000
44613110
44613200
44613210
44613300
44613400
44613500
44613600
44613700
44613800
44614000
44614100
44614300
44614310
44615000
44615100
44616000
44616200
44617000
44617100
44617300
44618000
44618100
44618300
44618310
44618350
44618420
44618500
44619000
44619100
44619200
44619300
44619400
44619500
44620000
44621000
44621100
44621110
44621111
44621112
44621200
44621220
44621221
44622000
44800000
44810000
44811000
44812100
44812200
44812220
44812300
44812400
44820000
44830000
44831100
44831200
44831400
44832000
44832100
44900000
44910000
44911000
44911100
44911200
44912000
44912100
44912200
44912300
44912400
44920000
44921000
44921100
44921200
44921210
44921300
44922000
44922200
44930000
45000000
45100000
45110000
45111000
45111100
45111200
45111210
45111211
45111212
45111213
45111214
45111220
45111230
45111240
45111250
45111260
45111290
45111291
45111300
45111310
45111320
45112000
45112100
45112200
45112210
45112300
45112310
45112320
45112330
45112340
45112350
45112360
45112400
45112410
45112420
45112440
45112450
45112500
45112600
45112700
45112710
45112711
45112712
45112713
45112714
45112720
45112722
45112723
45112730
45112740
45113000
45120000
45121000
45122000
45200000
45210000
45211000
45211100
45211200
45211300
45211310
45211320
45211340
45211341
45211350
45211360
45211370
45212000
45212100
45212110
45212120
45212130
45212140
45212150
45212170
45212171
45212172
45212180
45212190
45212200
45212210
45212211
45212212
45212213
45212220
45212221
45212222
45212223
45212224
45212225
45212230
45212290
45212300
45212310
45212311
45212312
45212313
45212314
45212320
45212321
45212322
45212330
45212331
45212340
45212350
45212352
45212353
45212354
45212360
45212361
45212400
45212410
45212411
45212412
45212413
45212420
45212421
45212422
45212423
45212500
45212600
45213000
45213100
45213110
45213111
45213112
45213140
45213141
45213142
45213150
45213200
45213210
45213220
45213221
45213230
45213240
45213242
45213250
45213251
45213252
45213260
45213270
45213280
45213300
45213310
45213311
45213312
45213313
45213314
45213315
45213316
45213320
45213321
45213322
45213330
45213331
45213332
45213333
45213340
45213341
45213342
45213350
45213351
45213352
45213353
45213400
45214000
45214100
45214200
45214210
45214220
45214230
45214300
45214310
45214320
45214400
45214410
45214420
45214430
45214500
45214600
45214610
45214620
45214630
45214631
45214640
45214700
45214710
45214800
45215000
45215100
45215110
45215120
45215130
45215140
45215141
45215142
45215143
45215146
45215147
45215148
45215200
45215210
45215212
45215213
45215214
45215215
45215220
45215221
45215222
45215300
45215400
45215500
45216000
45216100
45216110
45216111
45216112
45216113
45216114
45216120
45216121
45216125
45216127
45216129
45216200
45216230
45216250
45217000
45220000
45221000
45221100
45221110
45221111
45221112
45221113
45221114
45221115
45221117
45221119
45221120
45221121
45221122
45221200
45221211
45221214
45221220
45221230
45221240
45221241
45221242
45221243
45221244
45221245
45221246
45221247
45221248
45221250
45222000
45222100
45222110
45222200
45222300
45223000
45223100
45223110
45223200
45223210
45223220
45223300
45223310
45223320
45223400
45223500
45223600
45223700
45223710
45223720
45223800
45223810
45223820
45223821
45223822
45230000
45231000
45231100
45231110
45231111
45231112
45231113
45231200
45231210
45231220
45231221
45231222
45231223
45231300
45231400
45231500
45231600
45232000
45232100
45232120
45232121
45232130
45232140
45232141
45232142
45232150
45232151
45232152
45232153
45232154
45232200
45232210
45232220
45232221
45232300
45232310
45232311
45232320
45232330
45232331
45232332
45232340
45232400
45232410
45232411
45232420
45232421
45232422
45232423
45232424
45232430
45232431
45232440
45232450
45232451
45232452
45232453
45232454
45232460
45232470
45233000
45233100
45233110
45233120
45233121
45233122
45233123
45233124
45233125
45233126
45233127
45233128
45233129
45233130
45233131
45233139
45233140
45233141
45233142
45233144
45233150
45233160
45233161
45233162
45233200
45233210
45233220
45233221
45233222
45233223
45233224
45233225
45233226
45233227
45233228
45233229
45233250
45233251
45233252
45233253
45233260
45233261
45233262
45233270
45233280
45233290
45233291
45233292
45233293
45233294
45233300
45233310
45233320
45233330
45234000
45234100
45234110
45234111
45234112
45234113
45234114
45234115
45234116
45234120
45234121
45234122
45234123
45234125
45234126
45234127
45234128
45234129
45234130
45234140
45234160
45234170
45234180
45234200
45234210
45234220
45234230
45234240
45234250
45235000
45235100
45235110
45235111
45235200
45235210
45235300
45235310
45235311
45235320
45236000
45236100
45236110
45236112
45236119
45236200
45236210
45236230
45236250
45236290
45237000
45240000
45241000
45241100
45241200
45241300
45241400
45241500
45241600
45242000
45242100
45242110
45242200
45242210
45243000
45243100
45243110
45243200
45243300
45243400
45243500
45243510
45243600
45244000
45244100
45244200
45245000
45246000
45246100
45246200
45246400
45246410
45246500
45246510
45247000
45247100
45247110
45247111
45247112
45247120
45247130
45247200
45247210
45247211
45247212
45247220
45247230
45247240
45247270
45248000
45248100
45248200
45248300
45248400
45248500
45250000
45251000
45251100
45251110
45251111
45251120
45251140
45251141
45251142
45251143
45251160
45251200
45251220
45251230
45251240
45251250
45252000
45252100
45252110
45252120
45252121
45252122
45252123
45252124
45252125
45252126
45252127
45252130
45252140
45252150
45252200
45252210
45252300
45253200
45253300
45253310
45253700
45253800
45254000
45254100
45254200
45255000
45255100
45255110
45255120
45255121
45255210
45255300
45255400
45255410
45255420
45255500
45255600
45255700
45255800
45259000
45259100
45259200
45259300
45259900
45260000
45261000
45261100
45261200
45261210
45261211
45261212
45261213
45261214
45261215
45261220
45261221
45261222
45261300
45261310
45261320
45261400
45261410
45261420
45261900
45261910
45261920
45262000
45262100
45262110
45262120
45262200
45262210
45262211
45262212
45262213
45262220
45262300
45262310
45262311
45262320
45262321
45262330
45262340
45262350
45262360
45262370
45262400
45262410
45262420
45262421
45262422
45262423
45262426
45262500
45262510
45262511
45262512
45262520
45262521
45262522
45262600
45262610
45262620
45262630
45262640
45262650
45262660
45262670
45262680
45262690
45262700
45262710
45262800
45262900
45300000
45310000
45311000
45311100
45311200
45312000
45312100
45312200
45312300
45312310
45312311
45312320
45312330
45313000
45313100
45313200
45313210
45314000
45314100
45314200
45314300
45314310
45314320
45315000
45315100
45315200
45315300
45315400
45315500
45315600
45315700
45316000
45316100
45316110
45316200
45316210
45316211
45316212
45316213
45316220
45316230
45317000
45317100
45317200
45317300
45320000
45321000
45323000
45324000
45330000
45331000
45331100
45331110
45331200
45331210
45331211
45331220
45331221
45331230
45331231
45332000
45332200
45332300
45332400
45333000
45333100
45333200
45340000
45341000
45342000
45343000
45343100
45343200
45343210
45343220
45343230
45350000
45351000
45400000
45410000
45420000
45421000
45421100
45421110
45421111
45421112
45421120
45421130
45421131
45421132
45421140
45421141
45421142
45421143
45421144
45421145
45421146
45421147
45421148
45421150
45421151
45421152
45421153
45421160
45422000
45422100
45430000
45431000
45431100
45431200
45432000
45432100
45432110
45432111
45432112
45432113
45432114
45432120
45432121
45432130
45432200
45432210
45432220
45440000
45441000
45442000
45442100
45442110
45442120
45442121
45442180
45442190
45442200
45442300
45443000
45450000
45451000
45451100
45451200
45451300
45452000
45452100
45453000
45453100
45454000
45454100
45500000
45510000
45520000
48000000
48100000
48110000
48120000
48121000
48131000
48140000
48150000
48151000
48160000
48161000
48170000
48180000
48190000
48200000
48210000
48211000
48213000
48214000
48215000
48216000
48217000
48217100
48217200
48218000
48219000
48219100
48219300
48219500
48219700
48219800
48220000
48221000
48222000
48223000
48224000
48300000
48310000
48311000
48311100
48312000
48313000
48313100
48314000
48317000
48318000
48320000
48321000
48321100
48322000
48323000
48324000
48325000
48326000
48326100
48328000
48329000
48330000
48331000
48332000
48333000
48400000
48410000
48411000
48420000
48421000
48422000
48430000
48440000
48441000
48442000
48443000
48444000
48444100
48445000
48450000
48451000
48460000
48461000
48462000
48463000
48470000
48480000
48481000
48482000
48490000
48500000
48510000
48511000
48512000
48514000
48515000
48516000
48517000
48518000
48520000
48521000
48600000
48610000
48611000
48612000
48613000
48614000
48620000
48621000
48622000
48624000
48625000
48626000
48627000
48700000
48710000
48720000
48730000
48731000
48732000
48740000
48750000
48760000
48761000
48770000
48771000
48773000
48773100
48780000
48781000
48782000
48783000
48800000
48810000
48811000
48812000
48813000
48813100
48813200
48814000
48814100
48814200
48814300
48814400
48814500
48820000
48821000
48822000
48823000
48824000
48825000
48900000
48920000
48921000
48930000
48931000
48941000
48951000
48952000
48960000
48961000
48970000
48971000
48980000
48982000
48983000
48984000
48986000
48990000
50000000
50100000
50110000
50111000
50111100
50111110
50112000
50112100
50112110
50112111
50112120
50112200
50112300
50113000
50113100
50113200
50114000
50114100
50114200
50115000
50115100
50116000
50116100
50116200
50116300
50116400
50116500
50116510
50116600
50117000
50117100
50117200
50117300
50118000
50118100
50118110
50118200
50118300
50118400
50190000
50200000
50210000
50211000
50211100
50211200
50211210
50211211
50211212
50211300
50211310
50212000
50220000
50221000
50221100
50221200
50221300
50221400
50222000
50222100
50223000
50224000
50224100
50224200
50225000
50229000
50230000
50232000
50232100
50232110
50232200
50240000
50241000
50241100
50241200
50242000
50243000
50244000
50245000
50246000
50246100
50246200
50246300
50246400
50300000
50310000
50311000
50311400
50312000
50312100
50312110
50312200
50312210
50312300
50312310
50312320
50312400
50312410
50312600
50312610
50312620
50313000
50313100
50313200
50314000
50316000
50317000
50320000
50321000
50322000
50323000
50323100
50323200
50324000
50324100
50324200
50330000
50331000
50332000
50333000
50333100
50333200
50334000
50334100
50334110
50334120
50334130
50334140
50334400
50340000
50341000
50341200
50342000
50343000
50344000
50344100
50400000
50410000
50411000
50411100
50411200
50411300
50412000
50413000
50413100
50413200
50420000
50421000
50421100
50421200
50422000
50430000
50432000
50433000
50500000
50510000
50511000
50511100
50511200
50512000
50513000
50514000
50514100
50514200
50514300
50530000
50531000
50531100
50531200
50531300
50531400
50532000
50532100
50532200
50532300
50532400
50600000
50610000
50620000
50630000
50640000
50650000
50660000
50700000
50710000
50711000
50712000
50720000
50721000
50730000
50740000
50750000
50760000
50800000
50820000
50821000
50830000
50840000
50841000
50842000
50850000
50860000
50870000
50880000
50881000
50882000
50883000
51000000
51100000
51110000
51111000
51111100
51111200
51111300
51112000
51112100
51112200
51120000
51121000
51130000
51131000
51133000
51133100
51135100
51135110
51141000
51142000
51144000
51145000
51200000
51210000
51214000
51215000
51220000
51221000
51230000
51240000
51300000
51310000
51311000
51312000
51313000
51314000
51320000
51321000
51330000
51340000
51400000
51410000
51411000
51412000
51413000
51415000
51420000
51430000
51500000
51510000
51511000
51511100
51511110
51511200
51511300
51511400
51514000
51514100
51514110
51540000
51541000
51541100
51542000
51542200
51543400
51550000
51600000
51610000
51611000
51611100
51612000
51620000
51700000
51800000
51810000
51820000
51900000
55000000
55100000
55110000
55120000
55130000
55200000
55210000
55220000
55221000
55240000
55241000
55242000
55243000
55250000
55260000
55270000
55300000
55310000
55311000
55312000
55320000
55321000
55322000
55330000
55400000
55410000
55500000
55510000
55511000
55512000
55520000
55521000
55521100
55521200
55522000
55523000
55523100
55524000
55900000
60000000
60100000
60112000
60120000
60130000
60140000
60150000
60160000
60161000
60170000
60171000
60172000
60180000
60181000
60182000
60183000
60200000
60210000
60220000
60300000
60400000
60410000
60411000
60420000
60421000
60423000
60424000
60424100
60424110
60424120
60440000
60441000
60442000
60443000
60443100
60444000
60444100
60445000
60500000
60510000
60600000
60610000
60640000
60650000
60651000
60651100
60651200
60651300
60651400
60651500
60653000
63000000
63100000
63110000
63111000
63112000
63112100
63120000
63121000
63121100
63121110
63122000
63500000
63510000
63511000
63512000
63513000
63514000
63515000
63516000
63520000
63521000
63522000
63523000
63524000
63700000
63710000
63711000
63711100
63711200
63712000
63712100
63712200
63712210
63712300
63712310
63712311
63712320
63712400
63712500
63712600
63712700
63712710
63720000
63721000
63721100
63721200
63721300
63721500
63722000
63723000
63724000
63724100
63724310
63724400
63725000
63725200
63725300
63726000
63726200
63726400
63726500
63726600
63726620
63726800
63727000
63727100
63727200
63730000
63731000
63731100
63732000
63733000
63734000
64000000
64100000
64110000
64111000
64112000
64113000
64114000
64120000
64121000
64121100
64121200
64122000
64200000
64210000
64211000
64211100
64211200
64212000
64212100
64212300
64212400
64212500
64212700
64212800
64212900
64213000
64214000
64214100
64214200
64214400
64215000
64216000
64216100
64216110
64216120
64216200
64216210
64216300
64220000
64221000
64222000
64223000
64224000
64225000
64226000
64227000
64228000
64228100
64228200
65000000
65100000
65110000
65111000
65120000
65121000
65122000
65123000
65130000
65200000
65210000
65300000
65310000
65320000
65400000
65410000
65500000
66000000
66100000
66110000
66111000
66112000
66113000
66113100
66114000
66115000
66120000
66121000
66122000
66130000
66131000
66131100
66132000
66133000
66140000
66141000
66150000
66151000
66151100
66152000
66160000
66161000
66162000
66170000
66171000
66172000
66190000
66500000
66510000
66511000
66512000
66512100
66512200
66512210
66512220
66513000
66513100
66513200
66514000
66514100
66514110
66514120
66514130
66514140
66514150
66515000
66515100
66515200
66515300
66515400
66515410
66515411
66516000
66516100
66516200
66516300
66516400
66516500
66517000
66517200
66517300
66518000
66518100
66518200
66518300
66519000
66519200
66519300
66519310
66519400
66519500
66519600
66520000
66521000
66522000
66523000
66523100
66600000
66700000
66710000
66720000
70000000
70100000
70110000
70111000
70112000
70120000
70121000
70121100
70122000
70122100
70122110
70122200
70122210
70123000
70123100
70123200
70130000
70200000
70210000
70220000
70300000
70310000
70311000
70320000
70321000
70322000
70330000
70331000
70331100
70332000
70332100
70332200
70332300
70333000
70340000
71000000
71200000
71210000
71220000
71221000
71222000
71222100
71222200
71223000
71230000
71240000
71241000
71242000
71243000
71244000
71245000
71246000
71247000
71248000
71250000
71251000
71300000
71310000
71311000
71311100
71311200
71311210
71311220
71311230
71311240
71311300
71312000
71313000
71313100
71313200
71313400
71313410
71313420
71313430
71313440
71313450
71314000
71314100
71314200
71314300
71314310
71315000
71315100
71315200
71315210
71315300
71315400
71315410
71316000
71317000
71317100
71317200
71317210
71318000
71318100
71319000
71320000
71321000
71321100
71321200
71321300
71321400
71322000
71322100
71322200
71322300
71322400
71322500
71323000
71323100
71323200
71324000
71326000
71327000
71328000
71330000
71331000
71332000
71333000
71334000
71335000
71336000
71337000
71340000
71350000
71351000
71351100
71351200
71351210
71351220
71351500
71351600
71351610
71351612
71351700
71351710
71351720
71351730
71351800
71351810
71351811
71351900
71351910
71351911
71351913
71351914
71351920
71351922
71351923
71351924
71352000
71352100
71352120
71352130
71352140
71352300
71353000
71353100
71353200
71354000
71354100
71354200
71354300
71354400
71354500
71355000
71355100
71355200
71356000
71356100
71356200
71356300
71356400
71400000
71410000
71420000
71421000
71500000
71510000
71520000
71521000
71530000
71540000
71541000
71550000
71600000
71610000
71620000
71621000
71630000
71631000
71631100
71631200
71631300
71631400
71631420
71631430
71631440
71631450
71631460
71631470
71631480
71632000
71632200
71700000
71730000
71731000
71800000
71900000
72000000
72100000
72110000
72120000
72130000
72150000
72200000
72210000
72211000
72212000
72212100
72212110
72212120
72212121
72212140
72212150
72212160
72212170
72212180
72212190
72212200
72212210
72212211
72212213
72212214
72212215
72212217
72212218
72212219
72212220
72212221
72212222
72212223
72212224
72212300
72212310
72212311
72212312
72212313
72212314
72212315
72212316
72212321
72212325
72212326
72212328
72212330
72212331
72212332
72212333
72212400
72212411
72212412
72212420
72212421
72212422
72212430
72212440
72212441
72212442
72212443
72212445
72212450
72212451
72212460
72212461
72212462
72212463
72212470
72212480
72212481
72212482
72212490
72212500
72212510
72212511
72212514
72212515
72212516
72212517
72212520
72212600
72212610
72212640
72212670
72212700
72212720
72212730
72212732
72212760
72212761
72212771
72212780
72212781
72212782
72212783
72212900
72212910
72212931
72212980
72212982
72212983
72220000
72221000
72222000
72222100
72222200
72222300
72223000
72224000
72224100
72224200
72225000
72226000
72227000
72228000
72230000
72231000
72232000
72240000
72241000
72242000
72243000
72244000
72245000
72246000
72250000
72251000
72252000
72253000
72253100
72253200
72254000
72254100
72260000
72261000
72262000
72263000
72265000
72266000
72267000
72267100
72267200
72268000
72300000
72310000
72311000
72311100
72311200
72311300
72312000
72312100
72312200
72313000
72314000
72315000
72315100
72315200
72316000
72317000
72318000
72319000
72320000
72321000
72322000
72330000
72400000
72410000
72411000
72412000
72413000
72414000
72415000
72416000
72417000
72420000
72421000
72422000
72500000
72510000
72511000
72512000
72513000
72514000
72514100
72514200
72514300
72540000
72541000
72541100
72590000
72591000
72600000
72610000
72611000
72700000
72710000
72720000
72800000
72810000
72820000
72900000
72910000
72920000
73000000
73100000
73110000
73111000
73112000
73120000
73200000
73210000
73220000
73300000
73400000
73410000
73420000
73421000
73422000
73423000
73425000
73426000
73430000
73431000
73432000
73435000
73436000
75000000
75100000
75110000
75111000
75111100
75111200
75112000
75112100
75120000
75121000
75122000
75123000
75124000
75125000
75130000
75131000
75131100
75200000
75210000
75211110
75211200
75220000
75221000
75222000
75230000
75231000
75231100
75231200
75231220
75231230
75231240
75240000
75241000
75241100
75242000
75242100
75242110
75250000
75251000
75251100
75251110
75251120
75252000
75300000
75310000
75311000
75314000
75320000
75340000
76000000
76100000
76110000
76111000
76121000
76200000
76210000
76211000
76211100
76211200
76300000
76310000
76320000
76330000
76340000
76400000
76410000
76411000
76411400
76420000
76421000
76430000
76431000
76431100
76440000
76441000
76443000
76450000
76460000
76470000
76471000
76472000
76473000
76480000
76490000
76500000
76510000
76520000
76521000
76522000
76530000
76531000
76532000
76534000
76537000
76537100
76600000
77000000
77100000
77110000
77111000
77112000
77120000
77200000
77210000
77211000
77211100
77211200
77211300
77211400
77211500
77211600
77220000
77230000
77231000
77231100
77231200
77231300
77231400
77231500
77231600
77231700
77231800
77231900
77300000
77310000
77311000
77312000
77312100
77313000
77314000
77314100
77315000
77320000
77330000
77340000
77341000
77342000
77400000
77500000
77600000
77610000
77700000
77800000
77810000
77830000
77850000
77900000
79000000
79100000
79110000
79111000
79112000
79112100
79120000
79121100
79130000
79131000
79132000
79132100
79140000
79200000
79210000
79211000
79211100
79211110
79211120
79211200
79212000
79212100
79212110
79212200
79212300
79212400
79212500
79220000
79221000
79222000
79223000
79300000
79310000
79311000
79311100
79311200
79311210
79311300
79311400
79311410
79312000
79313000
79314000
79315000
79320000
79330000
79340000
79341000
79341100
79341200
79341400
79341500
79342000
79342100
79342200
79342300
79342310
79342311
79342320
79342321
79342400
79342410
79400000
79410000
79411000
79411100
79412000
79413000
79414000
79415000
79415200
79416000
79416100
79416200
79417000
79418000
79419000
79420000
79421000
79421100
79421200
79422000
79430000
79500000
79510000
79511000
79512000
79520000
79521000
79530000
79540000
79550000
79551000
79552000
79553000
79560000
79570000
79571000
79600000
79610000
79611000
79612000
79613000
79620000
79621000
79622000
79623000
79624000
79625000
79630000
79631000
79632000
79633000
79634000
79635000
79700000
79710000
79711000
79713000
79714000
79714100
79714110
79715000
79720000
79721000
79723000
79800000
79810000
79811000
79812000
79820000
79821000
79821100
79822000
79822200
79822300
79822400
79822500
79823000
79824000
79900000
79910000
79920000
79921000
79930000
79931000
79932000
79933000
79934000
79940000
79941000
79950000
79951000
79952000
79952100
79953000
79954000
79956000
79957000
79960000
79961000
79961100
79961200
79961300
79961320
79961330
79961340
79961350
79962000
79963000
79970000
79971000
79971100
79971200
79980000
79990000
79991000
79992000
79993000
79993100
79994000
79995000
79995100
79995200
79996000
79996100
79997000
79998000
79999000
79999100
79999200
80000000
80100000
80110000
80200000
80210000
80211000
80212000
80300000
80310000
80320000
80330000
80340000
80400000
80410000
80411000
80411100
80411200
80412000
80413000
80415000
80420000
80430000
80490000
80500000
80510000
80511000
80512000
80513000
80520000
80521000
80522000
80530000
80531000
80531100
80531200
80532000
80533000
80533100
80533200
80540000
80550000
80560000
80561000
80562000
80570000
80580000
80590000
80600000
80610000
80620000
80630000
80650000
80660000
85000000
85100000
85110000
85111000
85111100
85111200
85111300
85111310
85111320
85111400
85111500
85111600
85111700
85111800
85111810
85111820
85111900
85112000
85112100
85112200
85120000
85121000
85121100
85121200
85121210
85121220
85121231
85121232
85121240
85121251
85121252
85121270
85121271
85121280
85121281
85121282
85121283
85121290
85121291
85121292
85121300
85130000
85131000
85131100
85131110
85140000
85141000
85141200
85141210
85141211
85141220
85142000
85142100
85142300
85142400
85143000
85144000
85144100
85145000
85146000
85146200
85147000
85148000
85149000
85150000
85160000
85172000
85200000
85210000
85300000
85310000
85311000
85311100
85311200
85311300
85312000
85312100
85312110
85312120
85312200
85312300
85312310
85312320
85312330
85312400
85312500
85312510
85320000
85321000
85322000
85323000
90000000
90400000
90410000
90420000
90430000
90440000
90450000
90460000
90470000
90480000
90481000
90490000
90491000
90492000
90500000
90510000
90511000
90511100
90511200
90511300
90511400
90512000
90513000
90513100
90513200
90513300
90513400
90513500
90513600
90513700
90513800
90513900
90514000
90520000
90521000
90521100
90521200
90521300
90521400
90521500
90522000
90522100
90522200
90522300
90522400
90523000
90523100
90523200
90523300
90524000
90524100
90524200
90524300
90524400
90530000
90531000
90532000
90533000
90600000
90610000
90611000
90612000
90620000
90630000
90640000
90641000
90642000
90650000
90660000
90670000
90680000
90690000
90700000
90710000
90711000
90711100
90711200
90711300
90711400
90711500
90712000
90712100
90712200
90712300
90712400
90712500
90713000
90713100
90714000
90714100
90714300
90714400
90714500
90714600
90715000
90715100
90715200
90715220
90715240
90720000
90721000
90721100
90721300
90721500
90721600
90721700
90721800
90722000
90722100
90722200
90722300
90730000
90731000
90731100
90731210
90731300
90731400
90731500
90731600
90731800
90732000
90732100
90732200
90732300
90732400
90732500
90732600
90732910
90733000
90733100
90733200
90733300
90733400
90733500
90733600
90733700
90733800
90733900
90740000
90741000
90741100
90741200
90741300
90742000
90742100
90742200
90742300
90743000
90743100
90743200
90900000
90910000
90911000
90911100
90911200
90911300
90912000
90913000
90913100
90913200
90914000
90915000
90917000
90918000
90919000
90919100
90919200
90919300
90920000
90921000
90922000
90923000
90924000
92000000
92100000
92110000
92111000
92111100
92111200
92111210
92111220
92111240
92111250
92111260
92111300
92111310
92111320
92112000
92120000
92121000
92122000
92130000
92140000
92200000
92210000
92211000
92220000
92221000
92222000
92224000
92225000
92230000
92232000
92300000
92310000
92311000
92312000
92312100
92312110
92312130
92312200
92312210
92312211
92312212
92312213
92312230
92312240
92312250
92320000
92330000
92331000
92331100
92331200
92331210
92332000
92340000
92341000
92342000
92342100
92350000
92351000
92351100
92351200
92360000
92370000
92400000
92500000
92510000
92511000
92512000
92512100
92520000
92521000
92521100
92521200
92521210
92521220
92522000
92522100
92522200
92530000
92531000
92532000
92533000
92534000
92600000
92610000
92620000
92621000
92622000
92700000
98000000
98100000
98110000
98111000
98112000
98113000
98113100
98130000
98133000
98133100
98133110
98200000
98300000
98310000
98311000
98311100
98311200
98312000
98315000
98320000
98321000
98321100
98322130
98330000
98331000
98332000
98333000
98334000
98336000
98340000
98341000
98341100
98341110
98341120
98341130
98341140
98342000
98350000
98351000
98351100
98351110
98360000
98361000
98362000
98362100
98363000
98370000
98371000
98371100
98371110
98371111
98371120
98371200
98380000
98390000
98391000
98392000
98393000
98394000
98395000
98396000
98500000
98510000
98511000
98512000
98513000
98513100
98513200
98513300
98513310
98514000
98900000
98910000
